$ 1 0.000005 10.20027730826997 50 5 50
w 528 320 640 320 3
r 640 320 720 320 0 100
162 784 240 784 304 2 default-led 1 0 0 0.02
R 784 240 784 192 0 0 40 4.96 0 0 0.5
r 784 400 784 480 0 1.5
w 784 400 784 336 0
a 384 320 512 320 9 15 -15 1000000 2.1029811659228588 2.1377272727272585 100
w 384 336 384 400 0
w 384 400 528 400 0
c 336 224 336 304 0 0.00001 -2.1377272727272585
g 336 208 416 208 0
w 336 304 384 304 0
w 336 304 272 304 0
w 272 304 256 304 0
R 112 208 64 208 0 0 40 5 0 0 0.5
r 576 400 672 400 0 4700
w 672 400 784 400 0
x -14 191 73 194 4 12 IR_HP_ENABLE
f 720 512 784 512 32 1.5 3.3
w 784 480 784 496 1
w 784 528 784 560 0
g 784 560 784 576 0
L 720 512 672 512 0 0 false 5 0
w 512 320 528 320 0
c 528 320 528 400 0 1e-9 1.3716295145171213
w 528 400 576 400 0
174 208 208 304 256 1 1000 0.5297000000000001 Resistance
w 336 208 336 224 0
w 256 256 256 304 0
f 720 320 784 320 32 1.5 3.3
r 112 208 176 208 0 100
w 336 208 304 208 0
w 208 208 176 208 0
x 568 507 658 510 4 12 IR_TXT_SIGNAL
o 2 64 0 4099 2.5 3.2 0 2 2 3

